0.7258614897727966
0.7267836928367615
0.7285133600234985
0.7284619212150574
0.7260422706604004
0.7257246375083923
0.7244048118591309
0.726681649684906
0.7248802185058594
0.7262481451034546
0.7250287532806396
0.7283971905708313
0.7245268225669861
0.72599196434021
0.7278736233711243
0.7253906726837158
0.7271727919578552
0.7278676629066467
0.7248227000236511
0.7269518375396729
0.7285033464431763
0.7242691516876221
0.7277377247810364
0.7263150215148926
0.7267591953277588
0.7268993854522705
0.7268545031547546
0.7263435125350952
0.7268162369728088
0.7236652374267578
