0.7280077934265137
0.7290875911712646
0.7274916172027588
0.7289175391197205
0.7262852191925049
0.7250560522079468
0.7284728288650513
0.7276231646537781
0.7275493741035461
0.7292791604995728
0.7296872735023499
0.7281748056411743
0.7256802916526794
0.7243223786354065
0.7275305986404419
0.7292889952659607
0.7275002002716064
0.7281408905982971
0.7272840738296509
0.7263779640197754
0.7282161712646484
0.7285392880439758
0.7278227210044861
0.7277172803878784
0.7276580929756165
0.7263551950454712
0.7247292399406433
0.7258509993553162
0.7268238663673401
0.727628231048584
