0.7265027761459351
0.7291120886802673
0.722948431968689
0.7266937494277954
0.7282286286354065
0.7278425097465515
0.7279248237609863
0.7282339334487915
0.728773832321167
0.7274723649024963
0.7262628674507141
0.7268732190132141
0.7273958325386047
0.7285136580467224
0.7287080883979797
0.727112352848053
0.7268897294998169
0.7250917553901672
0.7257930040359497
0.7248156070709229
0.7253882884979248
0.7292913794517517
0.728878915309906
0.7273913621902466
0.7261267304420471
0.7280407547950745
0.7283319234848022
0.7282823920249939
0.7252759337425232
0.7296480536460876
