0.7292598485946655
0.7261400818824768
0.7285796403884888
0.7253551483154297
0.7283875942230225
0.7273997664451599
0.7266404628753662
0.7285147905349731
0.7267336845397949
0.7286317944526672
0.7264221906661987
0.7267246246337891
0.7264758348464966
0.7275527715682983
0.728901207447052
0.7255897521972656
0.7263990640640259
0.7267730236053467
0.7251652479171753
0.7262121438980103
0.7261644601821899
0.7257698178291321
0.729119062423706
0.7251354455947876
0.7264905571937561
0.7276104688644409
0.728890061378479
0.7250205874443054
0.7282090187072754
0.7247734069824219
