0.7278796434402466
0.7279710173606873
0.7283608317375183
0.7277171611785889
0.7262657880783081
0.7265112996101379
0.726233959197998
0.7259702086448669
0.7286595106124878
0.7256388068199158
0.7276512384414673
0.7279835343360901
0.7275583744049072
0.7285619974136353
0.7272486686706543
0.7263927459716797
0.7294369339942932
0.725405752658844
0.7238409519195557
0.7265194654464722
0.7255117297172546
0.7268990874290466
0.7283169031143188
0.7281660437583923
0.7275077700614929
0.7260072827339172
0.728101909160614
0.7232694029808044
0.7273181676864624
0.7281327247619629
